     3.800     4.000     2.000     1.000     0.879     0.000     0.121     0.000     1.000
     3.000     3.000     2.500     2.750     0.637     0.000     0.363     0.000     1.000
     1.800     2.800     3.500     3.375     0.052     0.946     0.003     0.000     2.000
     1.400     1.000     2.750     2.750     0.926     0.000     0.074     0.000     1.000
     1.800     2.200     2.000     2.000     0.838     0.000     0.162     0.000     1.000
     1.600     1.600     2.750     1.875     0.884     0.000     0.116     0.000     1.000
     3.000     3.800     1.250     2.250     0.281     0.000     0.719     0.000     3.000
     2.600     2.200     2.000     2.000     0.675     0.000     0.325     0.000     1.000
     1.000     2.800     1.000     2.625     0.871     0.000     0.129     0.000     1.000
     2.200     2.000     1.000     1.750     0.994     0.000     0.006     0.000     1.000
     2.400     2.400     2.250     2.000     0.646     0.000     0.354     0.000     1.000
     2.600     3.000     2.000     1.500     0.574     0.000     0.426     0.000     1.000
     2.800     2.400     1.750     1.500     0.718     0.000     0.282     0.000     1.000
     3.600     1.600     2.250     3.125     0.013     0.000     0.987     0.000     3.000
     1.800     1.800     2.500     2.750     0.762     0.000     0.238     0.000     1.000
     2.200     2.400     3.000     2.250     0.671     0.076     0.253     0.000     1.000
     2.200     1.800     2.000     2.000     0.897     0.000     0.103     0.000     1.000
     1.800     2.400     2.000     2.000     0.756     0.000     0.244     0.000     1.000
     1.600     2.400     2.250     2.875     0.744     0.000     0.256     0.000     1.000
     2.200     3.000     1.000     2.250     0.660     0.000     0.340     0.000     1.000
     3.800     2.600     1.750     1.875     0.190     0.000     0.810     0.000     3.000
     4.200     3.000     1.250     1.714     0.123     0.000     0.877     0.000     3.000
     1.600     2.000     3.500     2.625     0.022     0.970     0.008     0.000     2.000
     1.400     2.400     2.000     2.000     0.761     0.000     0.239     0.000     1.000
     2.600     2.000     2.000     3.000     0.554     0.000     0.446     0.000     1.000
         *     3.000         *         *     0.557     0.028     0.408     0.007     1.000
     2.200     2.000     2.750     2.000     0.695     0.000     0.305     0.000     1.000
     1.800     2.000     2.250     1.500     0.896     0.000     0.104     0.000     1.000
     2.800     2.800     3.000     2.750     0.779     0.000     0.221     0.000     1.000
     2.000     3.600     1.250     1.000     0.075     0.000     0.925     0.000     3.000
     3.800     4.000     2.750     1.000     0.998     0.000     0.002     0.000     1.000
     2.400     2.600     2.500     2.000     0.658     0.000     0.342     0.000     1.000
     3.400     4.000     1.667     1.125     0.525     0.000     0.475     0.000     1.000
     4.800     4.000     4.000     1.000     1.000     0.000     0.000     0.000     1.000
     2.400     2.200     2.500     2.875     0.501     0.000     0.499     0.000     1.000
     2.800     3.000     1.000     2.250     0.565     0.000     0.435     0.000     1.000
     1.800     3.000     2.250     3.625     0.015     0.981     0.003     0.000     2.000
     1.600     2.400     2.500     2.125     0.699     0.000     0.301     0.000     1.000
     1.000     4.000     2.000     1.500     0.011     0.000     0.989     0.000     3.000
     1.000     2.000     3.000     2.000     0.774     0.000     0.226     0.000     1.000
     3.200     3.400     1.750     2.250     0.439     0.000     0.561     0.000     3.000
     2.400     2.000     1.750     2.250     0.851     0.000     0.149     0.000     1.000
     2.400     3.000     4.000     2.125     0.999     0.000     0.001     0.000     1.000
     2.600     3.000     2.250     2.000     0.612     0.000     0.388     0.000     1.000
     1.400     2.600     3.000     2.250     0.731     0.000     0.269     0.000     1.000
     2.800     3.000     4.000     2.286     0.044     0.956     0.000     0.000     2.000
     3.000     3.400     4.000     1.375     1.000     0.000     0.000     0.000     1.000
     2.000     3.400     1.750     1.500     0.253     0.000     0.747     0.000     3.000
     2.600     2.800     2.250     1.667     0.640     0.000     0.360     0.000     1.000
     1.800     1.600     3.750     2.286     0.674     0.000     0.326     0.000     1.000
     2.600     3.400     1.750     1.750     0.408     0.000     0.592     0.000     3.000
     2.800     3.200     1.250     1.125     0.409     0.000     0.591     0.000     3.000
     2.400     2.800     2.750     3.000     0.731     0.000     0.269     0.000     1.000
     3.200     3.000     2.667     2.250     0.729     0.000     0.271     0.000     1.000
     1.000     2.600     2.000     2.375     0.622     0.000     0.378     0.000     1.000
     3.200     3.000     1.000     2.625     0.454     0.000     0.546     0.000     3.000
     4.000     2.800     2.500     3.000     0.113     0.000     0.887     0.000     3.000
     3.000     3.000     2.000     2.625     0.462     0.000     0.538     0.000     3.000
     3.000     4.000     3.667     1.000     1.000     0.000     0.000     0.000     1.000
     2.400     3.000     3.000     2.875     0.328     0.538     0.041     0.093     2.000
     2.800     2.600     3.000     1.500     0.866     0.000     0.134     0.000     1.000
     3.000     3.000     2.750     2.125     0.805     0.000     0.195     0.000     1.000
     2.600     4.000     2.000     1.750     0.586     0.000     0.414     0.000     1.000
     3.000     2.000     2.750     2.000     0.379     0.000     0.621     0.000     3.000
     2.200     2.400     4.000     2.000     0.978     0.000     0.022     0.000     1.000
     3.400     4.000     2.500     2.000     0.979     0.000     0.021     0.000     1.000
     3.200     3.000     2.500     1.875     0.699     0.000     0.301     0.000     1.000
     3.400     3.750     1.250     2.143     0.273     0.000     0.727     0.000     3.000
     2.000     2.000     2.500     2.250     0.729     0.000     0.271     0.000     1.000
     3.400     3.800     1.000     1.250     0.165     0.000     0.835     0.000     3.000
     2.800     4.000     2.000     2.000     0.699     0.000     0.301     0.000     1.000
     2.000     3.000     1.000     1.750     0.589     0.000     0.411     0.000     1.000
     2.600     3.000     2.000     2.000     0.535     0.000     0.465     0.000     1.000
     3.500     2.800     2.000     3.286     0.195     0.000     0.805     0.000     3.000
     2.200     3.000     2.000     2.000     0.528     0.000     0.472     0.000     1.000
     1.000     2.600     1.500     1.857     0.707     0.000     0.293     0.000     1.000
     3.000     3.000     1.750     1.500     0.502     0.000     0.498     0.000     1.000
     2.200     1.000     3.250     1.250     0.902     0.000     0.098     0.000     1.000
     3.800     3.600     4.000     2.000     1.000     0.000     0.000     0.000     1.000
     2.000     3.000     3.000     2.000     0.870     0.000     0.130     0.000     1.000
     3.000     3.000     2.000     2.000     0.495     0.000     0.505     0.000     3.000
     3.400     3.000     1.000     1.250     0.466     0.000     0.534     0.000     3.000
     2.000     3.000     1.000     2.000     0.625     0.000     0.375     0.000     1.000
     1.000     2.200     2.500     2.286     0.749     0.000     0.251     0.000     1.000
     1.000     1.200     1.000     3.500     1.000     0.000     0.000     0.000     1.000
     2.400     3.600     2.000     1.875     0.488     0.000     0.512     0.000     3.000
     1.000     2.000     3.000     3.000     0.753     0.000     0.247     0.000     1.000
     1.000     1.000     4.000     4.000     0.000     0.000     0.000     1.000     4.000
     2.600     2.200     2.000     1.875     0.701     0.000     0.299     0.000     1.000
     4.000     3.000     2.250     1.000     0.683     0.000     0.317     0.000     1.000
         *     2.400         *         *     0.597     0.040     0.345     0.018     1.000
     3.800     3.600     1.000     1.000     0.219     0.000     0.781     0.000     3.000
     2.800     4.000     1.000     2.000     0.132     0.000     0.868     0.000     3.000
     3.000     4.000     1.000     1.000     0.086     0.000     0.914     0.000     3.000
     3.000     3.000     2.000     1.875     0.510     0.000     0.490     0.000     1.000
     3.000     2.600     2.000     2.000     0.471     0.000     0.529     0.000     3.000
     2.800     3.000     2.000     3.125     0.548     0.000     0.452     0.000     1.000
     2.600     2.800     2.000     2.000     0.553     0.000     0.447     0.000     1.000
     4.000     3.400     3.000     2.000     0.975     0.000     0.025     0.000     1.000
     2.000     2.600     1.750     2.625     0.723     0.000     0.277     0.000     1.000
     3.200     3.000     1.000     1.000     0.558     0.000     0.442     0.000     1.000
     3.000     2.400     2.000     2.375     0.397     0.000     0.603     0.000     3.000
     2.200     2.600     1.000     1.000     0.909     0.000     0.091     0.000     1.000
     2.500     2.600     2.000     2.125     0.590     0.000     0.409     0.000     1.000
     3.400     3.800     2.000     2.625     0.767     0.000     0.233     0.000     1.000
     2.600     3.200     1.000     3.000     0.640     0.000     0.360     0.000     1.000
     3.000     3.000     2.000     2.000     0.495     0.000     0.505     0.000     3.000
     2.800     3.000     2.000     1.750     0.544     0.000     0.456     0.000     1.000
     3.000     3.000     1.000     2.000     0.502     0.000     0.498     0.000     1.000
     2.800     3.000     2.000     2.250     0.508     0.001     0.491     0.000     1.000
         *     2.800         *         *     0.572     0.032     0.387     0.009     1.000
     2.800     2.600     1.750     1.000     0.756     0.000     0.244     0.000     1.000
     2.000     3.000     2.250     1.625     0.566     0.000     0.434     0.000     1.000
         *     2.200         *         *     0.607     0.045     0.324     0.025     1.000
     4.000     1.000     2.000     2.750     0.004     0.000     0.996     0.000     3.000
     1.400     2.200     1.500     1.000     0.963     0.000     0.037     0.000     1.000
     3.000     2.800     2.000     3.143     0.412     0.000     0.588     0.000     3.000
     1.400     1.600     3.500     2.500     0.696     0.000     0.304     0.000     1.000
     2.400     2.400     2.000     2.000     0.676     0.000     0.324     0.000     1.000
     3.000     3.000     2.000     2.750     0.464     0.000     0.536     0.000     3.000
     2.800     2.600     2.250     3.000     0.436     0.000     0.564     0.000     3.000
     3.400     1.200     3.000     2.250     0.021     0.000     0.979     0.000     3.000
     2.000     3.000     2.000     2.000     0.507     0.000     0.493     0.000     1.000
     3.400     4.000     2.500     1.429     0.981     0.000     0.019     0.000     1.000
     3.200     3.000     1.750     1.750     0.432     0.000     0.568     0.000     3.000
     3.200     3.000     2.000     2.000     0.457     0.000     0.543     0.000     3.000
     2.600     2.200     2.000     2.375     0.606     0.000     0.394     0.000     1.000
     3.600     2.800     1.000     2.375     0.318     0.000     0.682     0.000     3.000
     3.400     2.000     2.750     3.625     0.022     0.000     0.978     0.000     3.000
     2.800     3.000     2.000     2.375     0.506     0.000     0.494     0.000     1.000
     1.000     1.000     3.250     2.625     0.868     0.000     0.132     0.000     1.000
     2.200     3.400     1.250     3.625     0.081     0.897     0.022     0.000     2.000
     2.600     3.000     2.000     2.750     0.555     0.000     0.445     0.000     1.000
     2.600     4.000     2.000     1.000     0.510     0.000     0.490     0.000     1.000
     2.800     3.000     2.000     1.875     0.531     0.000     0.469     0.000     1.000
         *         *     2.000     1.250     0.651     0.000     0.349     0.000     1.000
     2.200     2.600     2.000     1.000     0.768     0.000     0.232     0.000     1.000
     2.200     2.800     2.000     2.000     0.582     0.000     0.418     0.000     1.000
     3.000     2.600     2.000     2.000     0.471     0.000     0.529     0.000     3.000
     2.250     3.200     2.000     2.000     0.495     0.000     0.505     0.000     3.000
     1.000     1.600     1.750         *     0.996     0.000     0.004     0.000     1.000
     2.600     1.000     1.500     2.375     0.994     0.000     0.006     0.000     1.000
     1.600     2.400     2.000     2.000     0.763     0.000     0.237     0.000     1.000
     3.500     2.800     2.250     2.000     0.385     0.000     0.615     0.000     3.000
     3.400     2.800     1.750     2.125     0.310     0.000     0.690     0.000     3.000
     1.800     3.000         *     2.500     0.642     0.000     0.358     0.000     1.000
     3.000     3.000     2.000     1.875     0.510     0.000     0.490     0.000     1.000
     2.400     2.800     2.750     2.375     0.739     0.000     0.261     0.000     1.000
     4.800     2.800     1.500     2.500     0.007     0.000     0.993     0.000     3.000
     2.800     2.800     2.000     1.375     0.626     0.000     0.374     0.000     1.000
     2.600     2.000     1.000     1.750     0.986     0.000     0.014     0.000     1.000
     3.000     3.000     4.000     2.000     0.052     0.948     0.000     0.000     2.000
     2.800     2.600     2.000     2.000     0.533     0.000     0.467     0.000     1.000
     1.400     2.000     2.750     2.125     0.786     0.000     0.214     0.000     1.000
         *         *     1.000         *     0.417     0.001     0.582     0.000     3.000
     3.000     2.800     2.000     2.000     0.477     0.000     0.523     0.000     3.000
     2.600     2.000     2.750     2.750     0.347     0.000     0.653     0.000     3.000
     2.600     3.000     3.000     1.875     0.914     0.000     0.086     0.000     1.000
     3.200     2.400     2.000     2.143     0.351     0.000     0.649     0.000     3.000
     3.000     3.000     2.500     1.500     0.777     0.000     0.223     0.000     1.000
     3.000     2.000     2.000     4.000     0.209     0.000     0.791     0.000     3.000
     4.400     1.400     4.000     2.375     0.001     0.000     0.999     0.000     3.000
     3.000     2.600     2.000     2.375     0.408     0.000     0.592     0.000     3.000
     2.600     3.000     2.000     2.500     0.535     0.006     0.459     0.000     1.000
     2.400     3.200     1.000     2.375     0.517     0.000     0.483     0.000     1.000
     2.200     3.000     2.000     2.000     0.528     0.000     0.472     0.000     1.000
     2.800     2.800     2.000     2.500     0.482     0.000     0.518     0.000     3.000
     2.200     2.600     1.250     1.750     0.822     0.000     0.178     0.000     1.000
     3.400     3.000     2.000     2.625     0.337     0.000     0.663     0.000     3.000
     3.800     2.800     2.000     3.000     0.108     0.000     0.892     0.000     3.000
     2.000     2.000     2.000     2.000     0.879     0.000     0.121     0.000     1.000
     3.000     2.000     3.000     1.857     0.467     0.000     0.533     0.000     3.000
     4.400     2.800     2.250     1.625     0.166     0.000     0.834     0.000     3.000
     2.800     4.000     1.000     1.500     0.086     0.000     0.914     0.000     3.000
     1.400     2.000     2.000     3.750     0.954     0.000     0.046     0.000     1.000
     3.400     4.000     2.000     1.750     0.806     0.000     0.194     0.000     1.000
     2.800     2.800     1.250     2.750     0.610     0.000     0.390     0.000     1.000
     2.200     3.000     2.000     2.250     0.542     0.000     0.458     0.000     1.000
     2.800     3.800     2.500     1.750     0.924     0.000     0.076     0.000     1.000
     2.400     2.800     3.000     2.375     0.831     0.000     0.169     0.000     1.000
     2.000     2.400     3.500     2.625     0.082     0.904     0.015     0.000     2.000
     3.000     2.400     3.000     3.000     0.362     0.000     0.638     0.000     3.000
     2.800     3.000     2.000     3.125     0.548     0.000     0.452     0.000     1.000
     3.000     1.600     2.750     2.250     0.191     0.000     0.809     0.000     3.000
     2.800     2.400     3.000     2.286     0.604     0.000     0.396     0.000     1.000
     3.000     1.400     2.250     2.625     0.240     0.000     0.760     0.000     3.000
     2.800     2.800     1.750     2.875     0.492     0.000     0.508     0.000     3.000
     2.200     2.600     2.000     2.000     0.645     0.000     0.355     0.000     1.000
     2.600     3.200     3.000     2.750     0.275     0.111     0.018     0.596     4.000
     2.000     2.200     3.000     2.000     0.748     0.000     0.252     0.000     1.000
     2.200     2.000     1.000     2.000     0.993     0.000     0.007     0.000     1.000
     3.600     2.600     3.500     2.250     0.814     0.000     0.186     0.000     1.000
     3.200     3.000     1.000     2.000     0.441     0.000     0.559     0.000     3.000
     3.200     3.000     1.500     1.750     0.404     0.000     0.596     0.000     3.000
     2.000     2.600     2.750     2.000     0.729     0.000     0.271     0.000     1.000
     3.200     2.600     2.000     2.625     0.294     0.000     0.706     0.000     3.000
     2.200     2.000     3.000     2.000     0.695     0.000     0.305     0.000     1.000
     3.400     4.000     2.500     2.750     0.198     0.797     0.003     0.001     2.000
     2.000     2.600     2.500     1.750     0.698     0.000     0.302     0.000     1.000
     2.800     3.000     2.000     2.000     0.521     0.000     0.479     0.000     1.000
     3.400     3.800     1.500     2.000     0.377     0.000     0.623     0.000     3.000
     3.800     3.000     1.000     1.000     0.408     0.000     0.592     0.000     3.000
     3.400     3.000     3.000     2.375     0.853     0.000     0.147     0.000     1.000
     2.600     3.400     1.750     2.875     0.565     0.000     0.435     0.000     1.000
     3.000     3.800     2.000     2.000     0.685     0.000     0.315     0.000     1.000
     2.600     3.000     3.000     2.000     0.908     0.000     0.092     0.000     1.000
     3.000     3.000     2.000     3.000     0.474     0.000     0.526     0.000     3.000
     1.600     1.000     4.000     2.000     0.667     0.000     0.333     0.000     1.000
     2.200     2.800     2.000     3.000     0.646     0.000     0.354     0.000     1.000
     2.600     2.800     2.000     2.750     0.537     0.000     0.463     0.000     1.000
     4.000     4.000     1.000     1.750     0.162     0.000     0.838     0.000     3.000
     4.000     4.000     1.000     1.625     0.161     0.000     0.839     0.000     3.000
     3.400     3.800     2.000     3.000     0.806     0.000     0.193     0.000     1.000
     3.000     3.000     1.750     2.750     0.431     0.000     0.569     0.000     3.000
     3.400     3.400     2.000     1.571     0.601     0.000     0.399     0.000     1.000
     3.000     3.000     2.000     2.000     0.495     0.000     0.505     0.000     3.000
     2.200     3.000     2.000     3.000     0.640     0.001     0.359     0.000     1.000
     3.000     3.000     2.000         *     0.516     0.000     0.484     0.000     1.000
     3.400     4.000     1.000     1.125     0.132     0.000     0.868     0.000     3.000
     2.500     3.000     2.000     2.000     0.538     0.000     0.462     0.000     1.000
     2.400     3.000     2.000     2.000     0.538     0.000     0.462     0.000     1.000
     3.600     4.000     1.500     3.000     0.610     0.000     0.390     0.000     1.000
     3.400     3.600     1.000     1.625     0.207     0.000     0.793     0.000     3.000
     3.400     3.000     2.500     1.875     0.670     0.000     0.330     0.000     1.000
     3.000     2.600     2.000     3.000     0.356     0.000     0.644     0.000     3.000
         *     2.200     2.500     2.250     0.525     0.000     0.475     0.000     1.000
     2.800     3.000     2.750     1.750     0.847     0.000     0.153     0.000     1.000
     3.000     2.800     2.250     1.375     0.670     0.000     0.330     0.000     1.000
     4.000     3.600     1.000     2.250     0.144     0.000     0.856     0.000     3.000
     3.400     4.000     1.000     1.500     0.143     0.000     0.857     0.000     3.000
     3.000     2.800     2.000     2.000     0.477     0.000     0.523     0.000     3.000
     3.800     4.000     4.000     1.375     1.000     0.000     0.000     0.000     1.000
     3.200     3.000     2.000     2.000     0.457     0.000     0.543     0.000     3.000
     3.600     4.000     2.000     1.000     0.856     0.000     0.144     0.000     1.000
         *     3.800     1.000     1.500     0.128     0.000     0.872     0.000     3.000
     2.600     3.000     3.000     2.500     0.504     0.433     0.063     0.000     1.000
     3.200     4.000     1.000     1.000     0.109     0.000     0.891     0.000     3.000
     2.800     4.000     1.000     1.250     0.074     0.000     0.926     0.000     3.000
     2.200     3.600     2.500     1.250     0.753     0.000     0.247     0.000     1.000
     2.200     2.800     1.250     1.750     0.687     0.000     0.313     0.000     1.000
     4.800     4.000     1.000     1.125     0.134     0.000     0.866     0.000     3.000
     3.600     3.400     1.000     1.375     0.245     0.000     0.755     0.000     3.000
     2.600     3.000     2.000     1.750     0.550     0.000     0.450     0.000     1.000
     1.800     2.400     3.500     1.750     0.914     0.000     0.086     0.000     1.000
     3.200     3.400     2.500     1.500     0.884     0.000     0.116     0.000     1.000
     3.200     3.800     2.500     3.500     0.977     0.000     0.023     0.000     1.000
     3.200     3.200     2.000     2.250     0.489     0.000     0.511     0.000     3.000
     2.200     3.000     2.000     2.000     0.528     0.000     0.472     0.000     1.000
     2.000     1.600     1.000     2.750     0.999     0.000     0.001     0.000     1.000
     2.400     3.000     2.000     2.000     0.538     0.000     0.462     0.000     1.000
     1.600     1.000     2.000     2.250     0.998     0.000     0.002     0.000     1.000
     1.000     2.750     2.000     2.000     0.428     0.000     0.572     0.000     3.000
     2.600     2.200     1.500     1.875     0.855     0.000     0.145     0.000     1.000
     3.800     3.000     3.000     2.500     0.761     0.000     0.239     0.000     1.000
     3.000     2.750     2.000     1.125     0.676     0.000     0.324     0.000     1.000
     2.800     3.400     1.000     2.125     0.330     0.000     0.670     0.000     3.000
     3.000     3.000     1.500     1.625     0.456     0.000     0.544     0.000     3.000
     1.400     1.600     4.000     2.375     0.006     0.992     0.002     0.000     2.000
     2.600     3.000     1.250     1.000     0.560     0.000     0.440     0.000     1.000
     1.600     2.600     2.000     2.375     0.676     0.000     0.324     0.000     1.000
     2.400     2.800     1.750     1.875     0.577     0.000     0.423     0.000     1.000
     3.000     2.800     2.500     2.125     0.597     0.000     0.403     0.000     1.000
     2.600     2.200     2.000     3.000     0.535     0.000     0.465     0.000     1.000
     3.200     3.200     1.750     1.875     0.421     0.000     0.579     0.000     3.000
     3.600     3.000     2.000     1.000     0.634     0.000     0.366     0.000     1.000
     2.000     3.000     3.000     3.500     0.918     0.000     0.082     0.000     1.000
     2.800     3.000     2.500     1.500     0.776     0.000     0.224     0.000     1.000
     2.250     3.200     3.000     1.875     0.928     0.000     0.072     0.000     1.000
     1.000     1.000     1.000     2.000     1.000     0.000     0.000     0.000     1.000
     2.800     3.000     2.000     2.125     0.514     0.000     0.486     0.000     1.000
     2.800     2.400     2.250     2.000     0.536     0.000     0.464     0.000     1.000
     1.000     1.000     4.000     4.000     0.000     0.000     0.000     1.000     4.000
     3.000     4.000     1.000         *     0.142     0.000     0.858     0.000     3.000
     2.800     4.000     1.000     2.250     0.171     0.000     0.829     0.000     3.000
     1.000     1.000     4.000     3.875     0.000     0.000     0.000     0.999     4.000
     3.800     3.000     1.000     2.625     0.189     0.000     0.811     0.000     3.000
     3.200     3.800     1.750     2.143     0.541     0.000     0.459     0.000     1.000
     2.400     2.800     1.500     2.875     0.669     0.000     0.331     0.000     1.000
     1.200     1.800     3.250     2.875     0.036     0.950     0.014     0.000     2.000
     3.200     4.000     1.000     1.375     0.120     0.000     0.880     0.000     3.000
     2.000     3.400     1.000     1.125     0.149     0.000     0.851     0.000     3.000
     3.000     4.000     2.000     2.000     0.750     0.000     0.250     0.000     1.000
     1.400     2.800     1.250     1.625     0.625     0.000     0.375     0.000     1.000
     3.600     3.800     2.000     2.000     0.740     0.000     0.260     0.000     1.000
     2.600     3.200     2.250     1.250     0.692     0.000     0.308     0.000     1.000
     4.000     4.000     1.000     1.375     0.162     0.000     0.838     0.000     3.000
     3.400     3.200     2.000     1.750     0.511     0.000     0.489     0.000     1.000
     1.000     1.000     4.000     2.125     0.005     0.993     0.001     0.000     2.000
     2.000     4.000     1.000     2.250     0.070     0.000     0.930     0.000     3.000
     2.800     2.000     2.500     1.750     0.593     0.000     0.407     0.000     1.000
     3.000     3.000     4.000     3.000     0.998     0.000     0.002     0.000     1.000
     3.000     3.000     2.000     2.000     0.495     0.000     0.505     0.000     3.000
     2.000     2.600     3.000     1.750     0.825     0.000     0.175     0.000     1.000
     2.600     3.400     1.000     2.125     0.334     0.000     0.666     0.000     3.000
     3.200     3.800     1.000     2.750     0.322     0.000     0.678     0.000     3.000
     1.400     2.000     3.000     2.500     0.732     0.000     0.268     0.000     1.000
     2.000     1.800     3.000     4.000     0.001     0.000     0.002     0.997     4.000
     3.600     3.400     2.000     1.000     0.709     0.000     0.291     0.000     1.000
     3.800     3.400     1.000     1.625     0.197     0.000     0.803     0.000     3.000
     3.000     3.000     2.500     3.500     0.037     0.000     0.019     0.944     4.000
     1.400     2.200     2.500     2.750     0.757     0.000     0.243     0.000     1.000
     3.800     2.800     2.500     3.000     0.175     0.000     0.825     0.000     3.000
     3.000     2.000     1.250     1.625     0.924     0.000     0.076     0.000     1.000
     3.000     3.000     2.000     2.000     0.495     0.000     0.505     0.000     3.000
     1.600     2.600     2.500     1.500     0.676     0.000     0.324     0.000     1.000
     3.000     2.800     2.000     2.000     0.477     0.000     0.523     0.000     3.000
     3.000     2.400     2.500     2.750     0.310     0.000     0.690     0.000     3.000
     3.000     2.600     2.500     2.625     0.419     0.000     0.581     0.000     3.000
     3.000     4.000     2.750     1.250     0.992     0.000     0.008     0.000     1.000
     1.400     3.000     4.000     1.750     0.994     0.000     0.006     0.000     1.000
     2.800     3.000     1.250     2.875     0.561     0.000     0.439     0.000     1.000
     2.600     2.800     2.750     1.500     0.831     0.000     0.169     0.000     1.000
     2.600     4.000     2.000     2.000     0.630     0.000     0.370     0.000     1.000
     2.000     2.400     2.750     1.750     0.757     0.000     0.243     0.000     1.000
     2.600     2.200     2.000     2.375     0.606     0.000     0.394     0.000     1.000
     3.000     3.000     1.000     1.500     0.522     0.000     0.478     0.000     1.000
     2.600     3.000     2.000     1.250     0.609     0.000     0.391     0.000     1.000
     1.600     1.800     2.500     1.500     0.919     0.000     0.081     0.000     1.000
     3.400     3.000     2.500     2.625     0.538     0.000     0.462     0.000     1.000
     4.600     4.000     1.000     1.000     0.163     0.000     0.837     0.000     3.000
     3.200     3.000     2.000     2.000     0.457     0.000     0.543     0.000     3.000
     1.800     1.200     3.000     2.000     0.836     0.000     0.164     0.000     1.000
     1.800     2.600     2.000     2.250     0.667     0.000     0.333     0.000     1.000
     1.000     2.400     2.250     4.000     0.003     0.997     0.000     0.000     2.000
     1.600     3.000     1.500     1.125     0.343     0.000     0.657     0.000     3.000
     1.000     2.400     2.750     4.000     0.002     0.997     0.000     0.000     2.000
     3.000     2.800     3.000     2.625     0.758     0.000     0.242     0.000     1.000
     3.000     4.000     2.000     1.000     0.707     0.000     0.293     0.000     1.000
     3.000     3.000     2.750     2.500     0.772     0.000     0.228     0.000     1.000
     3.400     3.600     1.250     2.500     0.302     0.000     0.698     0.000     3.000
     2.800     3.000     2.500     1.875     0.726     0.000     0.274     0.000     1.000
     2.600     2.800     3.000     2.375     0.825     0.000     0.175     0.000     1.000
     2.250     2.400     2.500     3.125     0.587     0.000     0.413     0.000     1.000
     2.600     3.000         *     2.000     0.629     0.000     0.371     0.000     1.000
         *     2.500         *         *     0.591     0.038     0.355     0.015     1.000
     1.800     2.400     2.500     2.125     0.697     0.000     0.303     0.000     1.000
     2.600     2.500     2.500     2.250     0.573     0.000     0.427     0.000     1.000
     3.600     3.800     2.000     2.000     0.740     0.000     0.260     0.000     1.000
     2.800     3.000     2.750     3.250     0.075     0.000     0.020     0.905     4.000
     3.000     3.000     2.000     1.000     0.677     0.000     0.323     0.000     1.000
     2.600     4.000     1.000     2.125     0.126     0.000     0.874     0.000     3.000
     1.800     3.000         *         *     0.559     0.070     0.366     0.005     1.000
     2.200     2.800     2.500     3.125     0.699     0.000     0.301     0.000     1.000
     3.600     4.000     4.000     1.286     1.000     0.000     0.000     0.000     1.000
     1.000     2.600     1.000     2.500     0.947     0.000     0.053     0.000     1.000
     2.000     3.400     3.000     2.375     0.939     0.000     0.061     0.000     1.000
     2.200     2.400     2.750     1.750     0.751     0.000     0.249     0.000     1.000
     2.000     2.600     2.250     1.875     0.658     0.000     0.342     0.000     1.000
     2.200     1.800     2.000     2.375     0.861     0.000     0.139     0.000     1.000
     2.200     3.400     2.500     2.625     0.803     0.000     0.197     0.000     1.000
     3.400     4.000     2.000     2.500     0.845     0.000     0.155     0.000     1.000
     2.600     2.800     2.250     1.375     0.690     0.000     0.310     0.000     1.000
     3.000     3.400     2.000     2.000     0.569     0.000     0.431     0.000     1.000
     5.000     2.000     2.500     2.375     0.000     0.000     1.000     0.000     3.000
     1.400     2.200     2.000     2.000     0.860     0.000     0.140     0.000     1.000
     4.000     3.000     2.000     3.000     0.116     0.000     0.884     0.000     3.000
     1.800     1.200     1.250     2.125     1.000     0.000     0.000     0.000     1.000
     1.000     1.000     1.250     2.875     1.000     0.000     0.000     0.000     1.000
     3.200     2.400     2.000     2.286     0.319     0.000     0.681     0.000     3.000
     2.600     2.800     1.750     2.000     0.547     0.000     0.453     0.000     1.000
     2.600     3.000     1.750     2.500     0.509     0.001     0.490     0.000     1.000
     3.600     3.000     1.000     1.750     0.323     0.000     0.677     0.000     3.000
     2.000     2.000     2.000     2.000     0.879     0.000     0.121     0.000     1.000
     4.000     3.200     1.000     1.000     0.280     0.000     0.720     0.000     3.000
     2.600     3.000     2.000     2.375     0.534     0.000     0.466     0.000     1.000
     1.000     3.000     2.000     1.000     0.151     0.000     0.849     0.000     3.000
     4.200     2.800     2.000     3.000     0.037     0.000     0.963     0.000     3.000
     3.000     3.000     2.000     2.000     0.495     0.000     0.505     0.000     3.000
     2.600     3.000     2.000     2.000     0.535     0.000     0.465     0.000     1.000
     3.400     3.200     1.750     1.750     0.405     0.000     0.595     0.000     3.000
     3.000     3.000     2.000     2.000     0.495     0.000     0.505     0.000     3.000
         *     3.400         *         *     0.524     0.022     0.450     0.003     1.000
     3.000     3.000     2.000     2.000     0.495     0.000     0.505     0.000     3.000
     3.000     3.000     2.000     2.750     0.464     0.000     0.536     0.000     3.000
     3.000     3.000     2.000     2.625     0.462     0.000     0.538     0.000     3.000
     3.800     3.000     2.000     1.625     0.377     0.000     0.623     0.000     3.000
     3.000     3.000     1.000     2.625     0.536     0.000     0.464     0.000     1.000
     3.000     3.000     2.000     1.125     0.647     0.000     0.353     0.000     1.000
     2.200     2.400     1.000     2.250     0.954     0.000     0.046     0.000     1.000
     2.000     3.000     2.000     2.375     0.544     0.000     0.456     0.000     1.000
     3.600     2.600     2.500     2.875     0.153     0.000     0.847     0.000     3.000
     2.800     2.800     3.000     2.375     0.811     0.000     0.189     0.000     1.000
     2.200     2.400     2.250     2.250     0.654     0.001     0.345     0.000     1.000
     3.000     2.600     2.000     2.375     0.408     0.000     0.592     0.000     3.000
     2.400     3.600     1.250     1.125     0.144     0.000     0.856     0.000     3.000
     3.200     3.000     1.000     1.375     0.495     0.000     0.505     0.000     3.000
         *     1.600     3.000     3.375     0.188     0.222     0.590     0.000     3.000
     2.600     2.400     2.250     2.125     0.574     0.000     0.426     0.000     1.000
     3.000     3.000     2.750     1.875     0.832     0.000     0.168     0.000     1.000
     2.600     2.800     2.750     2.625     0.710     0.000     0.290     0.000     1.000
     2.800     3.600     1.000     1.750     0.204     0.000     0.796     0.000     3.000
     4.000     4.000     1.000     1.625     0.161     0.000     0.839     0.000     3.000
     3.000     2.600     3.250     1.500     0.919     0.006     0.076     0.000     1.000
     2.200     3.400     1.000     3.500     0.779     0.000     0.221     0.000     1.000
     3.200     3.000     2.000     2.000     0.457     0.000     0.543     0.000     3.000
     3.200     3.000     2.000     2.500     0.409     0.000     0.591     0.000     3.000
     3.000     3.000     2.250     2.000     0.584     0.000     0.415     0.000     1.000
     3.000     3.000     2.750     1.750     0.847     0.000     0.153     0.000     1.000
     2.800     4.000     2.000     2.625     0.803     0.000     0.197     0.000     1.000
     4.000     4.000     1.000     2.125     0.176     0.000     0.824     0.000     3.000
     1.500     2.400     2.500     3.250     0.052     0.931     0.017     0.000     2.000
     2.200     2.400     3.000     3.500     0.059     0.000     0.032     0.908     4.000
     3.000     3.400     1.000     2.500     0.366     0.000     0.634     0.000     3.000
     3.400     3.000     2.000     1.125     0.621     0.000     0.379     0.000     1.000
     2.600     1.800     2.000     2.625     0.653     0.000     0.347     0.000     1.000
     2.800     3.000     1.250     2.000     0.488     0.000     0.512     0.000     3.000
     1.400     4.000     1.000     1.500     0.005     0.000     0.995     0.000     3.000
     2.000     3.600     1.000     2.125     0.168     0.000     0.832     0.000     3.000
     3.000     3.000     1.000     2.125     0.504     0.000     0.496     0.000     1.000
     2.200     3.000     2.750     1.875     0.801     0.000     0.199     0.000     1.000
     1.800     2.200     2.000     2.000     0.838     0.000     0.162     0.000     1.000
     3.600     4.000     1.750     1.625     0.634     0.000     0.366     0.000     1.000
     2.600     2.800     2.500     1.500     0.745     0.000     0.255     0.000     1.000
     3.000     2.800     2.750     2.875     0.609     0.000     0.391     0.000     1.000
     2.400     3.000     2.750     2.625     0.802     0.000     0.198     0.000     1.000
     1.800     3.000     2.000     2.857     0.619     0.000     0.381     0.000     1.000
     4.000     3.000     4.000     2.000     0.999     0.000     0.001     0.000     1.000
     2.200     3.000     2.000     2.000     0.528     0.000     0.472     0.000     1.000
     2.000     1.000     2.000     2.000     0.994     0.000     0.006     0.000     1.000
     1.600     2.000     2.000     1.875     0.921     0.000     0.079     0.000     1.000
     3.200     3.000     1.750     2.125     0.387     0.000     0.613     0.000     3.000
     3.600     2.600     2.000     3.375     0.100     0.000     0.900     0.000     3.000
     1.600     3.800     2.250     1.714     0.254     0.000     0.746     0.000     3.000
     3.400     1.800     2.500     2.750     0.045     0.000     0.955     0.000     3.000
     3.400     3.000     2.333     2.000     0.550     0.000     0.450     0.000     1.000
     2.400     2.800     2.250     1.750     0.633     0.000     0.367     0.000     1.000
     2.800     3.000     2.000     1.429     0.588     0.000     0.412     0.000     1.000
     3.200     4.000     2.000     2.000     0.788     0.000     0.212     0.000     1.000
     3.250     3.200     2.250     1.500     0.704     0.000     0.296     0.000     1.000
     3.000     4.000     1.000     2.375     0.215     0.000     0.785     0.000     3.000
     2.000     2.800     1.000     2.125     0.808     0.000     0.192     0.000     1.000
     3.200     4.000     2.000     2.375     0.820     0.000     0.180     0.000     1.000
     3.800     3.200     2.000     2.625     0.299     0.000     0.701     0.000     3.000
     2.400     2.000     2.250     3.125     0.539     0.000     0.461     0.000     1.000
     2.600     1.000     2.250     2.000     0.882     0.000     0.118     0.000     1.000
     3.400     3.800     3.000     1.125     0.998     0.000     0.002     0.000     1.000
     1.600     2.000     2.250     1.000     0.941     0.000     0.059     0.000     1.000
     2.000     1.200     3.750     2.125     0.510     0.000     0.490     0.000     1.000
     1.800     1.800     3.000     2.125     0.738     0.004     0.258     0.000     1.000
     1.600     3.000     1.500     1.714     0.393     0.000     0.607     0.000     3.000
     2.200     2.400     1.250     2.250     0.905     0.000     0.095     0.000     1.000
     1.600     2.000     2.750     1.750     0.820     0.000     0.180     0.000     1.000
     3.000     2.800     2.000     1.000     0.703     0.000     0.297     0.000     1.000
     3.000     3.000     4.000     2.000     0.052     0.948     0.000     0.000     2.000
     2.400     2.400     4.000     2.500     0.959     0.000     0.041     0.000     1.000
     3.800     3.000     2.000     2.500     0.212     0.000     0.788     0.000     3.000
     2.600     2.800     3.000     3.000     0.795     0.000     0.205     0.000     1.000
     1.400     1.400     2.000     2.375     0.991     0.000     0.009     0.000     1.000
     3.400     4.000     2.000     1.125     0.815     0.000     0.185     0.000     1.000
     3.200     3.000     2.750     1.857     0.825     0.000     0.175     0.000     1.000
     1.000     1.000     3.000     1.250     0.991     0.000     0.009     0.000     1.000
     3.400     3.200     2.250     2.125     0.593     0.000     0.407     0.000     1.000
     1.600     2.000     2.500     1.500     0.874     0.000     0.126     0.000     1.000
     2.600     2.800     2.000     2.375     0.533     0.000     0.467     0.000     1.000
     2.800     2.800     2.000     2.625     0.479     0.000     0.521     0.000     3.000
     3.200     2.600     2.250     2.500     0.319     0.000     0.681     0.000     3.000
     1.600     2.000     3.750     3.375     0.004     0.000     0.002     0.994     4.000
     3.400     3.000     2.500     1.000     0.862     0.000     0.138     0.000     1.000
     3.400     3.000     3.000     1.375     0.950     0.001     0.049     0.000     1.000
     3.800     3.000     2.000     1.500     0.414     0.000     0.586     0.000     3.000
     3.000     2.600     2.000     2.125     0.447     0.000     0.553     0.000     3.000
     3.400     3.000     2.250     1.875     0.535     0.000     0.465     0.000     1.000
     3.200     1.800     1.250     1.125     0.970     0.000     0.030     0.000     1.000
     3.400     3.200     1.750     1.125     0.524     0.000     0.476     0.000     1.000
     2.600     1.800     2.750     3.000     0.241     0.000     0.759     0.000     3.000
     2.400     3.000     2.750     1.875     0.820     0.000     0.180     0.000     1.000
     2.800     4.000     1.000     1.429     0.082     0.000     0.918     0.000     3.000
     1.000     1.000     2.750     1.000     0.997     0.000     0.003     0.000     1.000
     2.500     2.600     2.000     2.250     0.580     0.000     0.420     0.000     1.000
     3.400     3.400     1.750     1.000     0.552     0.000     0.448     0.000     1.000
     1.800     3.000     2.500     2.125     0.627     0.000     0.373     0.000     1.000
     2.000     2.400     2.750     3.500     0.679     0.000     0.321     0.000     1.000
     3.400     3.400     1.750     2.375     0.412     0.000     0.588     0.000     3.000
     2.600     2.800     1.750     2.625     0.543     0.000     0.457     0.000     1.000
     3.200     3.000     1.750     2.000     0.399     0.000     0.601     0.000     3.000
     2.800     2.800     2.000     3.125     0.493     0.000     0.507     0.000     3.000
     2.200     2.600     2.250     1.500     0.701     0.000     0.299     0.000     1.000
     2.000     4.000     2.500     2.000     0.801     0.000     0.199     0.000     1.000
     2.400     1.000     1.500     2.000     0.999     0.000     0.001     0.000     1.000
     1.800     2.000     3.000     2.333     0.341     0.513     0.145     0.000     2.000
     2.600     3.000     2.750     1.625     0.852     0.000     0.148     0.000     1.000
     2.200     3.000     1.000     2.250     0.660     0.000     0.340     0.000     1.000
     2.200     1.800     2.000     3.000     0.812     0.000     0.188     0.000     1.000
     4.000     4.000     2.250     2.000     0.946     0.000     0.054     0.000     1.000
     2.500     2.400     2.250     2.750     0.529     0.000     0.471     0.000     1.000
     1.800     2.000     2.000     3.500     0.891     0.000     0.109     0.000     1.000
     2.400     3.000     1.000     2.500     0.678     0.000     0.322     0.000     1.000
     2.800     3.800     2.500     2.500     0.941     0.000     0.059     0.000     1.000
